0.36 -0.919879 0.000237102 0.116534 0.00041001 4.08764 0.0190121 6.69615 0.0526601 
0.365 -0.940567 0.000242537 0.123664 0.000470036 4.16925 0.0176802 7.54079 0.0448546 
0.37 -0.961565 0.000248771 0.129902 0.000530552 4.3271 0.0174017 8.3552 0.0574992 
0.375 -0.983983 0.000251627 0.139209 0.000590126 4.44464 0.0204242 9.39335 0.0793844 
0.38 -1.00699 0.000284325 0.150524 0.000678775 4.62554 0.0226114 10.9414 0.0983403 
0.385 -1.03091 0.000305463 0.164967 0.000826779 4.81068 0.0230193 12.8055 0.124824 
0.39 -1.05483 0.000325668 0.176135 0.00094 5.02765 0.0255795 14.6173 0.155549 
0.395 -1.0809 0.000354338 0.194955 0.00115891 5.24882 0.026443 17.3112 0.160003 
0.4 -1.10777 0.000406148 0.216187 0.00133477 5.58483 0.0294272 20.2252 0.206679 
0.405 -1.13702 0.00047686 0.243961 0.00160706 5.99351 0.038599 24.35 0.243957 
0.41 -1.16855 0.000558036 0.27758 0.00194797 6.54711 0.0489361 29.1137 0.284841 
0.415 -1.20208 0.000689742 0.316063 0.00232839 7.2467 0.055835 34.3609 0.32433 
0.42 -1.2406 0.000824237 0.369926 0.00274466 8.10916 0.058899 39.4924 0.246418 
0.425 -1.28268 0.000955209 0.432589 0.00303603 8.96509 0.055648 42.4821 0.384145 
0.43 -1.33207 0.00105241 0.512962 0.003115 9.64543 0.0562992 41.0884 0.571585 
0.435 -1.37977 0.00112402 0.580527 0.00321641 9.89323 0.0678643 38.3646 0.856109 
0.44 -1.42962 0.00104357 0.654072 0.00269751 9.34347 0.0885369 28.5244 1.03093 
0.445 -1.47416 0.000907807 0.709735 0.00218935 8.55721 0.0984879 20.2576 0.872259 
0.45 -1.51428 0.00078605 0.753827 0.00178547 7.5903 0.102896 13.93 0.765168 
0.455 -1.55047 0.000595695 0.790129 0.00114829 6.60586 0.0754118 8.11622 0.529736 
0.46 -1.58117 0.000539755 0.814593 0.000991723 5.92717 0.0673217 5.97323 0.411203 
0.465 -1.60916 0.000416904 0.835615 0.000571606 5.23901 0.0424072 3.77104 0.167386 
0.47 -1.63401 0.000371247 0.851955 0.000441499 4.76715 0.0303029 2.72207 0.0897733 
0.475 -1.65699 0.000322451 0.865938 0.000352548 4.32027 0.0289899 2.08179 0.0814998 
0.48 -1.6779 0.00027577 0.877975 0.000250614 3.93965 0.0219687 1.58946 0.0570204 
0.41525 -1.20471 0.000696155 0.322867 0.0023743 7.33782 0.0471478 34.5351 0.2549 
0.41575 -1.20832 0.000689813 0.326182 0.00241742 7.32458 0.0586521 35.0495 0.245327 
0.41625 -1.21141 0.000707183 0.327727 0.00245568 7.39981 0.0520484 35.5779 0.281362 
0.41675 -1.21525 0.000747208 0.335569 0.00252567 7.58794 0.0561167 36.457 0.274385 
0.41725 -1.21888 0.000717872 0.338637 0.00247506 7.61824 0.0525243 36.4713 0.257548 
0.41775 -1.22404 0.000755601 0.347944 0.00256372 7.65733 0.0516932 37.1668 0.283845 
0.41825 -1.22646 0.000791167 0.348851 0.00266718 7.77057 0.0574189 38.0709 0.273631 
0.41875 -1.22937 0.000776252 0.351778 0.00264249 7.80907 0.0630112 37.8216 0.302574 
0.41925 -1.23396 0.000798405 0.359815 0.00267774 7.92007 0.0598362 38.8555 0.271623 
0.41975 -1.23871 0.000844839 0.367108 0.00277607 8.03187 0.0628566 39.2522 0.282678 
0.42025 -1.24233 0.000816717 0.372999 0.00269203 8.10513 0.0572866 39.0576 0.287613 
0.42075 -1.24652 0.000823263 0.377647 0.00276671 8.20888 0.0567073 40.5667 0.259923 
0.42125 -1.24993 0.000847871 0.382331 0.00282646 8.29218 0.05588 40.5951 0.299325 
0.42175 -1.25616 0.000872391 0.395731 0.00285928 8.41917 0.0541799 40.3321 0.2813 
0.42225 -1.25988 0.000876903 0.398134 0.00284451 8.37378 0.049498 40.6532 0.317875 
0.42275 -1.2635 0.000900676 0.406414 0.00292143 8.60481 0.0516938 41.0843 0.323387 
0.42325 -1.26799 0.000943493 0.409903 0.00299026 8.76697 0.0608025 42.409 0.349592 
0.42375 -1.2723 0.000953692 0.416236 0.00302065 8.78076 0.0566083 42.644 0.361708 
0.42425 -1.27774 0.00093626 0.426121 0.00303587 8.8587 0.0649802 42.5685 0.368872 
0.42475 -1.28137 0.000966657 0.433032 0.00304059 8.9511 0.0596508 42.1968 0.354678 
0.42525 -1.28486 0.000961369 0.434441 0.00304622 8.97636 0.0572464 42.8216 0.42467 
0.42575 -1.28931 0.00100019 0.441933 0.0031713 9.17157 0.0609054 43.3341 0.369369 
0.42625 -1.29556 0.0010156 0.452022 0.0031948 9.20932 0.0569183 43.3175 0.414695 
0.42675 -1.29905 0.00101869 0.4569 0.00319472 9.23722 0.0547853 43.4471 0.444295 
0.42725 -1.303 0.00102064 0.460706 0.00319142 9.34246 0.0555807 44.0918 0.493767 
0.42775 -1.31 0.00103418 0.475304 0.00316642 9.46795 0.0567026 43.4819 0.47923 
0.42825 -1.31387 0.00106812 0.479473 0.00322814 9.52971 0.0545534 43.6384 0.570615 
0.42875 -1.31744 0.00109266 0.483029 0.00334175 9.6285 0.0543119 44.2985 0.522543 
0.42925 -1.32449 0.00108974 0.498538 0.00328428 9.60411 0.0588049 42.9405 0.635775 
0.42975 -1.32795 0.00108601 0.502915 0.00325934 9.65012 0.0607613 42.759 0.499366 
0.43025 -1.3335 0.00108563 0.510653 0.00326007 9.75139 0.0639294 42.7946 0.616062 
0.43075 -1.34067 0.00107358 0.527223 0.00317689 9.7177 0.0543042 40.8532 0.699689 
0.43125 -1.34378 0.0010855 0.528085 0.0032049 9.84062 0.0516277 41.6945 0.627766 
0.43175 -1.35 0.00107902 0.540405 0.00319426 9.80867 0.0552984 40.3045 0.742932 
0.43225 -1.35419 0.00109876 0.546161 0.00316595 9.87099 0.0661415 40.2898 0.685282 
0.43275 -1.35691 0.00111367 0.546748 0.00322592 9.81961 0.068532 40.2879 0.770908 
0.43325 -1.36232 0.00108789 0.555468 0.00306613 9.84617 0.067044 39.5694 0.678316 
0.43375 -1.36771 0.00109987 0.565116 0.00312704 9.82925 0.0676898 38.6803 0.759102 
0.43425 -1.37326 0.00110888 0.571445 0.00319672 9.89517 0.0676538 39.1834 0.828009 
0.43475 -1.37835 0.00111927 0.580055 0.00316174 9.93423 0.072082 37.9695 0.8144 
0.43525 -1.38392 0.00110168 0.591156 0.00298735 9.82486 0.0746933 35.7179 0.782298 
0.43575 -1.38695 0.00111888 0.590985 0.00313764 9.91437 0.0665177 37.318 1.02396 
0.43625 -1.39272 0.00110779 0.60156 0.00304063 9.88937 0.0712622 35.803 0.950035 
0.43675 -1.39762 0.00111173 0.608849 0.0030138 9.74924 0.0727957 34.3461 0.920638 
0.43725 -1.40174 0.00110706 0.61177 0.00303708 9.79985 0.0725355 35.1757 0.881214 
0.43775 -1.40702 0.00107486 0.621704 0.00288145 9.64806 0.0708302 32.8796 0.95336 
0.43825 -1.41154 0.00109206 0.627699 0.00291754 9.68581 0.0901074 32.6836 0.936717 
0.43875 -1.41468 0.00108991 0.629802 0.00295003 9.63617 0.0795686 32.6643 1.01034 
0.43925 -1.42161 0.00106284 0.642245 0.00277995 9.5066 0.0806966 30.194 0.877029 
0.43975 -1.42805 0.00101164 0.654795 0.00256357 9.25337 0.0870838 27.1072 0.840871 
