0.36 -0.920306 0.000289676 0.176278 0.000505948 4.13732 0.0166811 6.56859 0.0369988 
0.365 -0.94152 0.000306464 0.186913 0.000576552 4.26169 0.017072 7.23526 0.037903 
0.37 -0.963097 0.000322611 0.198169 0.000631928 4.43319 0.0162656 7.98809 0.0485418 
0.375 -0.986058 0.000340103 0.211609 0.000678569 4.60699 0.0207304 8.97391 0.0460913 
0.38 -1.00938 0.000377763 0.228085 0.000784104 4.82726 0.0179369 10.1286 0.0490021 
0.385 -1.03426 0.000393489 0.246559 0.000899293 5.06587 0.0191662 11.3736 0.0642285 
0.39 -1.06011 0.00044734 0.265306 0.00103534 5.35607 0.0280675 12.7701 0.0735004 
0.395 -1.08812 0.000496405 0.29152 0.00113541 5.74366 0.0258414 14.4673 0.0684942 
0.4 -1.11735 0.000525232 0.319257 0.00126583 6.11206 0.0306203 16.0938 0.0660942 
0.405 -1.15077 0.000636859 0.355822 0.00143503 6.76753 0.0356596 18.0373 0.0696918 
0.41 -1.18444 0.000724046 0.390203 0.00165309 7.2918 0.0284353 19.735 0.0772636 
0.415 -1.2222 0.000829773 0.434339 0.00185348 7.89372 0.0323699 20.9681 0.0934588 
0.42 -1.2638 0.00094041 0.484797 0.00202456 8.43804 0.0358673 21.6379 0.110742 
0.425 -1.30596 0.000973611 0.535759 0.00202048 8.85221 0.0368743 21.1279 0.163787 
0.43 -1.35036 0.00101304 0.586663 0.00206777 8.99098 0.0379331 19.9288 0.18064 
0.435 -1.39514 0.0010202 0.637607 0.00196832 8.83403 0.0424283 17.6668 0.228277 
0.44 -1.43911 0.000939095 0.686291 0.00171992 8.3291 0.0424997 14.4951 0.27235 
0.445 -1.47905 0.000870205 0.726572 0.00152564 7.80279 0.0593256 11.6595 0.278208 
0.45 -1.51771 0.000745123 0.764174 0.00119814 7.04929 0.0487379 8.46569 0.177873 
0.455 -1.55055 0.000650173 0.791647 0.00099798 6.43265 0.0396236 6.52895 0.195369 
0.46 -1.58171 0.000574684 0.816639 0.000794722 5.75032 0.0413247 4.6144 0.134599 
0.465 -1.60902 0.000520422 0.835399 0.000681473 5.26451 0.0368979 3.62743 0.139316 
0.47 -1.63351 0.000444087 0.850973 0.000547053 4.79586 0.0272243 2.83591 0.0896099 
0.475 -1.65651 0.000398626 0.865066 0.00045092 4.39161 0.0239565 2.20781 0.0860499 
0.48 -1.67765 0.000350442 0.877511 0.000317908 4.00497 0.0191907 1.6412 0.0440737 
0.41525 -1.22563 0.000821842 0.4408 0.00178899 7.95938 0.0436458 20.9139 0.0973309 
0.41575 -1.22929 0.000857814 0.443516 0.00186614 8.05516 0.041774 21.2574 0.0753607 
0.41625 -1.23209 0.000856226 0.445894 0.00187644 8.05282 0.0333912 21.2563 0.0817402 
0.41675 -1.23726 0.000873949 0.453433 0.00191042 8.06494 0.0367963 21.2459 0.102338 
0.41725 -1.23997 0.000866274 0.455392 0.00190335 8.11353 0.0377286 21.3191 0.0977816 
0.41775 -1.24509 0.000861602 0.463221 0.00189468 8.19218 0.0364712 21.3968 0.111487 
0.41825 -1.25045 0.000850543 0.470725 0.00189303 8.28326 0.0335796 21.3353 0.0975696 
0.41875 -1.25265 0.000867841 0.471328 0.00190149 8.27766 0.0406861 21.4152 0.129479 
0.41925 -1.25722 0.000896277 0.476679 0.00194967 8.33384 0.0367114 21.5642 0.117304 
0.41975 -1.26167 0.000893735 0.48292 0.00192837 8.44115 0.0333028 21.546 0.116876 
0.42025 -1.26672 0.000923827 0.489825 0.00200435 8.52045 0.0334367 21.5403 0.167108 
0.42075 -1.27056 0.00091009 0.494173 0.00196319 8.53564 0.0403254 21.4031 0.13392 
0.42125 -1.27473 0.000912156 0.499327 0.00195069 8.54964 0.0372721 21.3508 0.144198 
0.42175 -1.27781 0.000931143 0.501528 0.00199046 8.63899 0.0391317 21.6628 0.126369 
0.42225 -1.2836 0.000931135 0.510295 0.00196467 8.60898 0.0348387 21.264 0.147187 
0.42275 -1.28708 0.000955682 0.51311 0.0019799 8.70494 0.0366253 21.482 0.161219 
0.42325 -1.29264 0.000952239 0.521121 0.00198589 8.69212 0.0288119 21.2642 0.127626 
0.42375 -1.29513 0.000965687 0.522344 0.00204666 8.71355 0.0302984 21.3319 0.14945 
0.42425 -1.29996 0.000966857 0.528424 0.00201045 8.79682 0.0325554 21.186 0.151545 
0.42475 -1.30505 0.000930468 0.536757 0.00192791 8.80451 0.0305054 20.7205 0.144943 
0.42525 -1.3099 0.000943316 0.542388 0.00196253 8.81371 0.0344056 20.7965 0.132978 
0.42575 -1.31321 0.000983433 0.544561 0.0020252 8.85853 0.0287234 20.9015 0.161742 
0.42625 -1.31823 0.000970796 0.551029 0.0019985 8.86688 0.0353855 20.7102 0.173777 
0.42675 -1.32196 0.000931828 0.554642 0.00193387 8.91092 0.0304199 20.7041 0.184091 
0.42725 -1.32577 0.000979425 0.558223 0.00200329 8.92304 0.0383517 20.7462 0.204125 
0.42775 -1.33091 0.000989722 0.565346 0.00201555 8.91749 0.0311613 20.3722 0.14494 
0.42825 -1.33668 0.00100048 0.573094 0.00201562 8.95244 0.0371339 20.0498 0.210859 
0.42875 -1.33992 0.000967904 0.575476 0.00194999 8.96973 0.0329349 20.1827 0.173008 
0.42925 -1.34519 0.00099694 0.582776 0.0020202 8.93396 0.03112 19.8857 0.149536 
0.42975 -1.34846 0.00100838 0.585718 0.00205629 8.96579 0.0335073 19.8252 0.192091 
0.43025 -1.35343 0.000974002 0.592246 0.00193094 8.94051 0.0345825 19.3237 0.172345 
0.43075 -1.35685 0.00104364 0.595318 0.00204533 8.99613 0.0303218 19.4338 0.205126 
0.43125 -1.36245 0.000982258 0.602306 0.00194342 8.92074 0.0342696 19.0454 0.178878 
0.43175 -1.36788 0.000981858 0.610054 0.00190728 8.91258 0.0335698 18.4515 0.21341 
0.43225 -1.37261 0.000999034 0.614561 0.00194832 8.86044 0.0474777 18.427 0.281537 
0.43275 -1.37653 0.00100828 0.617841 0.00198328 8.84175 0.0381193 18.4809 0.236042 
0.43325 -1.37991 0.0010122 0.621933 0.0019511 8.88883 0.0441127 18.2025 0.211156 
0.43375 -1.38469 0.000973745 0.62677 0.00190025 8.88036 0.0431062 18.1145 0.219586 
0.43425 -1.38964 0.000998995 0.633555 0.00191411 8.82977 0.0401764 17.5352 0.227829 
0.43475 -1.3944 0.000962248 0.63813 0.00183166 8.80885 0.0456004 17.4403 0.221974 
0.43525 -1.39856 0.00100792 0.643114 0.001912 8.78322 0.0433462 17.1676 0.198636 
0.43575 -1.40396 0.000965559 0.650431 0.00182443 8.70413 0.0434337 16.4452 0.191625 
0.43625 -1.40713 0.00096903 0.652521 0.00184627 8.73104 0.0529444 16.625 0.246823 
0.43675 -1.41255 0.000949917 0.65928 0.00178412 8.63997 0.0421461 16.0878 0.232829 
0.43725 -1.41566 0.000966468 0.66155 0.00181912 8.66249 0.0480385 16.0831 0.269043 
0.43775 -1.42099 0.000964002 0.668237 0.00181206 8.56349 0.0501134 15.5493 0.268643 
0.43825 -1.42332 0.000980154 0.668616 0.00187102 8.61928 0.0460576 15.8807 0.238705 
0.43875 -1.42866 0.000925948 0.676326 0.00171794 8.4821 0.043349 14.9965 0.231248 
0.43925 -1.43273 0.000949115 0.679784 0.00177633 8.4279 0.052519 14.9334 0.240757 
0.43975 -1.43658 0.000968856 0.682764 0.00182104 8.40624 0.0490412 14.9422 0.288888 
0.44025 -1.4411 0.000938784 0.688343 0.00171348 8.31594 0.0488518 14.3985 0.27545 
0.44075 -1.44613 0.00091294 0.694916 0.00164154 8.2286 0.045509 13.6686 0.268905 
0.44125 -1.44975 0.000933473 0.69829 0.00168408 8.21311 0.0446498 13.4815 0.229347 
0.44175 -1.45374 0.000932344 0.701889 0.00168426 8.17827 0.0503681 13.3695 0.28049 
0.44225 -1.45791 0.00092567 0.706074 0.0016503 8.0837 0.0705901 13.0237 0.298242 
0.44275 -1.46183 0.000887342 0.710256 0.00157474 8.01845 0.0522641 12.5929 0.277247 
0.44325 -1.4659 0.000916975 0.714503 0.00159032 7.94107 0.0510738 12.2484 0.236049 
